Topic 1:
	cnn: 0.03466962277889252
	source: 0.02896297723054886
	playing: 0.0232987217605114
	look: 0.023238060995936394
	02: 0.01765275187790394
	benefits: 0.01761804148554802
	study: 0.01761167123913765
	kids: 0.011956685222685337
	cancer: 0.01195667963474989
	health: 0.01194988377392292
Topic 2:
	risk: 0.04970165714621544
	lower: 0.03368707373738289
	cardiovascular: 0.02811860479414463
	disease: 0.028114838525652885
	cancer: 0.028112931177020073
	activity: 0.022640595212578773
	minutes: 0.0225896704941988
	physical: 0.017122192308306694
	dying: 0.017122171819210052
	per: 0.01711633987724781
Topic 3:
	something: 0.02390131540596485
	intensity: 0.012519730255007744
	10: 0.012519700452685356
	participants: 0.012519686482846737
	make: 0.012519674375653267
	university: 0.012519671581685543
	cambridge: 0.01251965668052435
	level: 0.0125196548178792
	adult: 0.012519649229943752
	united: 0.012519646435976028
Topic 4:
	research: 0.031367577612400055
	exercise: 0.025866173207759857
	involved: 0.025801129639148712
	wasn: 0.025801120325922966
	said: 0.013246428221464157
	wen: 0.013246404007077217
	participants: 0.01324637234210968
	shouldn: 0.013246364891529083
	fit: 0.013246351853013039
	think: 0.013246342539787292
Topic 5:
	cnn: 0.020490236580371857
	disease: 0.020412219688296318
	minutes: 0.020398324355483055
	11: 0.0203968845307827
	study: 0.020394181832671165
	daily: 0.02039080485701561
	better: 0.010707632638514042
	physical: 0.010698782280087471
	activity: 0.010697869583964348
	levels: 0.01069608237594366
Topic 6:
	activity: 0.027897629886865616
	physical: 0.02108178846538067
	medicine: 0.0209775622934103
	sports: 0.020971376448869705
	exercise: 0.020971212536096573
	study: 0.014394104480743408
	said: 0.014227539300918579
	university: 0.014223623089492321
	reduce: 0.01419871300458908
	risk: 0.008130346424877644
Topic 7:
	routine: 0.014918566681444645
	experts: 0.014918557368218899
	part: 0.014918506145477295
	backed: 0.014918506145477295
	healthy: 0.014918502420186996
	seven: 0.014918502420186996
	guide: 0.014918500557541847
	ease: 0.014918500557541847
	help: 0.01491845678538084
	sleep: 0.014877507463097572
Topic 8:
	minutes: 0.03723261505365372
	per: 0.029902279376983643
	risk: 0.022613463923335075
	day: 0.022609056904911995
	lower: 0.022608980536460876
	research: 0.016190538182854652
	activity: 0.01536694634705782
	exercise: 0.015346964821219444
	week: 0.01533736102283001
	11: 0.015324357897043228
Topic 9:
	cnn: 0.04549857974052429
	playing: 0.04052376002073288
	source: 0.04049096256494522
	02: 0.02547452226281166
	week: 0.01052617933601141
	minutes: 0.010525350458920002
	01: 0.010510596446692944
	good: 0.010505062527954578
	dementia: 0.010495566762983799
	group: 0.010492137633264065
Topic 10:
	source: 0.0305526964366436
	cnn: 0.03050360083580017
	playing: 0.030465245246887207
	doctor: 0.022963929921388626
	02: 0.015646018087863922
	01: 0.015566612593829632
	help: 0.015540475957095623
	exercise: 0.015539165586233139
	says: 0.01553402654826641
	35: 0.015534015372395515
